lastAccountName: rossmatt2222
timestamps:
  login: 1622672650761
  logout: 1622672664513
ipAddress: 192.168.0.100
logoutlocation:
  world: world
  x: 203.78686395164993
  y: 64.0
  z: 45.34384428635648
  yaw: 122.70026
  pitch: -4.199968
lastlocation:
  world: world
  x: 206.60868463878575
  y: 71.76636799395752
  z: 54.291573793790846
  yaw: -346.94955
  pitch: 21.749964
