lastAccountName: sonicTim2222
timestamps:
  login: 1622649046585
  lastteleport: 1622665123018
  logout: 1622646926737
ipAddress: 192.168.0.151
lastlocation:
  world: world
  x: 1261.6047238611582
  y: 197.31153881673802
  z: 1105.507944103353
  yaw: 119.003784
  pitch: 38.852306
logoutlocation:
  world: world
  x: 480.93147351795153
  y: 80.0
  z: 771.6503993710342
  yaw: 18.375
  pitch: 16.267548
