lastAccountName: rosstimo2222
timestamps:
  login: 1622649445093
  lastteleport: 1622496175819
  logout: 1622517924949
ipAddress: 192.168.0.249
lastlocation:
  world: world
  x: 347.81945188043994
  y: 98.12596929768372
  z: 480.5419680644767
  yaw: 206.93555
  pitch: 71.24985
logoutlocation:
  world: world
  x: 559.5
  y: 157.0
  z: 542.5
  yaw: 14.10002
  pitch: 13.050005
