lastAccountName: AnimeWolfie2222
timestamps:
  login: 1622639254306
  logout: 1622639619888
ipAddress: 192.168.0.152
logoutlocation:
  world: world
  x: 273.93679507295366
  y: 73.30776043866939
  z: 51.51083231172012
  yaw: 252.72273
  pitch: -11.541911
lastlocation:
  world: world
  x: 402.37618760373584
  y: 16.072049248406337
  z: 769.8749350856724
  yaw: -249.30743
  pitch: 22.662584
